      0/99     6.35G   0.07537    0.0131         0   0.08847        60       320    0.4016    0.3384    0.2983   0.08856   0.05944   0.00842         0
      1/99     9.03G   0.05802    0.0111         0   0.06912        86       320    0.4429    0.3686    0.3358    0.1101   0.05878  0.007461         0
      2/99     9.03G     0.056   0.01113         0   0.06713        64       320    0.1427    0.1209   0.06106   0.01714   0.07542   0.01096         0
      3/99     9.03G   0.05675   0.01137         0   0.06812        90       320    0.4039    0.2293     0.218   0.06907   0.06568  0.008661         0
      4/99     9.03G   0.05577   0.01141         0   0.06717        65       320    0.2856    0.2077    0.1606   0.05104   0.06874  0.008476         0
      5/99     9.03G   0.05421    0.0112         0   0.06541        54       320     0.425    0.3678     0.329    0.1035    0.0596   0.00804         0
      6/99     9.03G   0.05375   0.01107         0   0.06482        84       320    0.4376    0.2787    0.2648   0.08367   0.06087  0.007891         0
      7/99     9.03G     0.053   0.01094         0   0.06395        81       320    0.4352    0.3313    0.3092   0.09832   0.05926  0.008402         0
      8/99     9.03G   0.05254   0.01082         0   0.06336        85       320    0.4183    0.3355    0.3096    0.1016   0.05898  0.007686         0
      9/99     9.03G   0.05262    0.0108         0   0.06342        78       320    0.5339    0.3695    0.3749    0.1187   0.05854  0.007373         0
     10/99     9.03G     0.052   0.01076         0   0.06275        76       320    0.4394    0.3808    0.3538    0.1232   0.05741  0.007505         0
     11/99     9.03G   0.05165   0.01062         0   0.06227        62       320    0.5213    0.3804    0.3832    0.1285   0.05673  0.007239         0
     12/99     9.03G   0.05148   0.01065         0   0.06213        74       320     0.519    0.3546    0.3707    0.1286   0.05718   0.00724         0
     13/99     9.03G   0.05132   0.01065         0   0.06196        89       320    0.4828    0.3949    0.3793    0.1332   0.05552  0.007371         0
     14/99     9.03G   0.05114   0.01055         0   0.06169        75       320    0.5141    0.3674    0.3749    0.1323   0.05691  0.007285         0
     15/99     9.03G   0.05096    0.0105         0   0.06145        52       320    0.5443    0.3859     0.403    0.1421   0.05535  0.007206         0
     16/99     9.03G   0.05083   0.01059         0   0.06141        71       320    0.5142    0.3827    0.3877    0.1355   0.05666  0.007299         0
     17/99     9.03G   0.05067    0.0105         0   0.06117        89       320    0.4624     0.384    0.3725    0.1328   0.05613  0.007259         0
     18/99     9.03G   0.05071   0.01053         0   0.06124        68       320    0.5352    0.3962    0.4008    0.1385   0.05592  0.007184         0
     19/99     9.03G    0.0504   0.01052         0   0.06093        86       320    0.5294    0.3915    0.4026    0.1388   0.05608  0.007193         0
     20/99     9.03G   0.05039   0.01047         0   0.06085        85       320    0.5005    0.3888    0.3856    0.1357   0.05549  0.007162         0
     21/99     9.03G   0.05014   0.01041         0   0.06055        68       320    0.5395    0.4334    0.4339    0.1549   0.05466  0.006903         0
     22/99     9.03G   0.05018   0.01049         0   0.06067        91       320    0.5385    0.4131    0.4232    0.1512   0.05479  0.006951         0
     23/99     9.03G   0.05002   0.01038         0    0.0604        61       320    0.5393    0.4216    0.4263    0.1518   0.05547  0.006964         0
     24/99     9.03G   0.04997   0.01046         0   0.06044        76       320    0.5524    0.3927    0.4145    0.1484   0.05546  0.006838         0
     25/99     9.03G   0.04951   0.01032         0   0.05983        77       320    0.5451    0.4174    0.4349    0.1537   0.05455   0.00688         0
     26/99     9.03G   0.04958   0.01033         0   0.05991        66       320    0.5435    0.4433     0.444     0.158   0.05414  0.006818         0
     27/99     9.03G   0.04953   0.01037         0    0.0599        72       320    0.5773    0.4233    0.4494    0.1574   0.05412  0.006765         0
     28/99     9.03G   0.04947   0.01034         0   0.05981        94       320    0.5796    0.4251    0.4489    0.1592   0.05407  0.006773         0
     29/99     9.03G   0.04923    0.0103         0   0.05954        69       320    0.5697    0.4413    0.4658    0.1659   0.05316  0.006745         0
     30/99     9.03G   0.04952   0.01031         0   0.05984        97       320    0.5574     0.462    0.4648    0.1678    0.0532  0.006759         0
     31/99     9.03G   0.04903   0.01025         0   0.05928        86       320    0.5803    0.4502    0.4749    0.1687   0.05294  0.006669         0
     32/99     9.03G   0.04917   0.01029         0   0.05946        89       320    0.5823      0.46    0.4906    0.1779   0.05234   0.00657         0
     33/99     9.03G   0.04902   0.01032         0   0.05934        81       320    0.5666    0.4576    0.4808    0.1752   0.05232  0.006638         0
     34/99     9.03G   0.04876   0.01024         0   0.05901        88       320    0.5488    0.4876    0.4876    0.1766   0.05232  0.006576         0
     35/99     9.03G   0.04859   0.01019         0   0.05879        70       320    0.5382    0.4897    0.4796    0.1721   0.05273   0.00664         0
     36/99     9.03G   0.04874   0.01022         0   0.05896        80       320    0.5424    0.4706    0.4674    0.1675   0.05286  0.006747         0
     37/99     9.03G   0.04883   0.01023         0   0.05906        72       320    0.5611    0.4639    0.4752    0.1699   0.05277  0.006685         0
     38/99     9.03G   0.04841   0.01022         0   0.05863        79       320    0.5423    0.4839    0.4791    0.1731   0.05277  0.006658         0
     39/99     9.03G   0.04836   0.01022         0   0.05858        70       320    0.5659    0.4635    0.4795    0.1739   0.05251  0.006649         0
     40/99     9.03G   0.04824   0.01018         0   0.05842        90       320    0.5561    0.4747    0.4818    0.1744   0.05235   0.00663         0
     41/99     9.03G   0.04821   0.01013         0   0.05834        74       320    0.5779    0.4617    0.4811    0.1744   0.05251  0.006603         0
     42/99     9.03G   0.04831   0.01011         0   0.05842        61       320    0.5663    0.4697    0.4825    0.1755   0.05243  0.006603         0
     43/99     9.03G   0.04817   0.01015         0   0.05832        70       320    0.5822    0.4562    0.4865    0.1767   0.05223  0.006581         0
     44/99     9.03G   0.04781   0.01016         0   0.05797        84       320    0.5676    0.4591    0.4813    0.1752   0.05238  0.006631         0
     45/99     9.03G   0.04789   0.01004         0   0.05793        74       320    0.5298     0.492     0.485    0.1764    0.0523  0.006617         0
     46/99     9.03G   0.04778   0.01004         0   0.05783        74       320    0.5707    0.4693    0.4887    0.1777   0.05218  0.006611         0
     47/99     9.03G    0.0477   0.01004         0   0.05774        82       320    0.5569    0.4817     0.491    0.1772   0.05214  0.006612         0
     48/99     9.03G   0.04749  0.009958         0   0.05745        92       320    0.5951    0.4637    0.4957    0.1798   0.05204  0.006586         0
     49/99     9.03G   0.04755  0.009995         0   0.05754        76       320    0.5759    0.4803    0.4983     0.181   0.05205  0.006574         0
     50/99     9.03G   0.04732   0.01001         0   0.05734        68       320     0.556    0.4982    0.5006    0.1809   0.05206  0.006577         0
     51/99     9.03G   0.04723      0.01         0   0.05723        70       320    0.5731    0.4862    0.5012    0.1812   0.05209  0.006555         0
     52/99     9.03G   0.04715  0.009979         0   0.05713        74       320    0.5553    0.5004    0.5014    0.1809   0.05211  0.006556         0
     53/99     9.03G   0.04699  0.009938         0   0.05693        68       320    0.5829    0.4789    0.5006    0.1804   0.05208  0.006559         0
     54/99     9.03G     0.047  0.009896         0   0.05689        83       320    0.5825    0.4799    0.5012    0.1808   0.05209   0.00655         0
     55/99     9.03G    0.0469   0.00994         0   0.05684        61       320    0.5753    0.4868    0.5034    0.1816   0.05205  0.006541         0
     56/99     9.03G   0.04669  0.009963         0   0.05665        67       320    0.5741    0.4893    0.5039     0.182   0.05202  0.006536         0
     57/99     9.03G   0.04665  0.009891         0   0.05654        83       320    0.5677    0.4961     0.507    0.1825   0.05201  0.006529         0
     58/99     9.03G   0.04653  0.009932         0   0.05646        81       320    0.5841    0.4845    0.5077    0.1832   0.05197  0.006524         0
     59/99     9.03G   0.04636  0.009907         0   0.05627        77       320    0.5865    0.4828    0.5083    0.1836   0.05198  0.006516         0
     60/99     9.03G   0.04616    0.0098         0   0.05596        69       320    0.5773     0.491    0.5077    0.1828   0.05198  0.006517         0
     61/99     9.03G   0.04593  0.009821         0   0.05576        91       320    0.5677    0.4986    0.5079    0.1827   0.05197  0.006522         0
     62/99     9.03G   0.04594  0.009853         0   0.05579        84       320    0.5707    0.4962    0.5085    0.1832   0.05193  0.006521         0
